2.445230674743652344e+01 3.253692388534545898e+00 -9.355071783065795898e-01 3.647434711456298828e+00 1.649953722953796387e+00 1.477463603019714355e+00 6.318663597106933594e+00 1.000000000000000000e+00
7.938113212585449219e+00 -4.039609909057617188e+00 -1.059137582778930664e+00 3.633052587509155273e+00 1.629384994506835938e+00 1.428630352020263672e+00 6.275054931640625000e+00 1.000000000000000000e+00
3.099764251708984375e+01 -4.310528278350830078e+00 -1.063245058059692383e+00 4.365789413452148438e+00 1.665626764297485352e+00 1.445744037628173828e+00 6.293900489807128906e+00 1.000000000000000000e+00
1.352146434783935547e+01 1.514853858947753906e+01 -6.034101247787475586e-01 3.936461210250854492e+00 1.573868870735168457e+00 1.479261040687561035e+00 3.214404106140136719e+00 1.000000000000000000e+00
2.336954689025878906e+01 1.523700046539306641e+01 -5.586998462677001953e-01 3.616090297698974609e+00 1.588622331619262695e+00 1.548684477806091309e+00 3.126755714416503906e+00 1.000000000000000000e+00
7.281574726104736328e+00 1.554218959808349609e+01 -5.823833346366882324e-01 3.832300424575805664e+00 1.628167986869812012e+00 1.515200614929199219e+00 3.055388927459716797e+00 1.000000000000000000e+00
1.312503337860107422e+01 -4.170728206634521484e+00 -1.036400794982910156e+00 4.276596069335937500e+00 1.684941291809082031e+00 1.484610795974731445e+00 6.354420661926269531e+00 1.000000000000000000e+00
3.636399841308593750e+01 2.892376661300659180e+00 -8.030959963798522949e-01 4.277178764343261719e+00 1.650500178337097168e+00 1.591024756431579590e+00 6.230840682983398438e+00 1.000000000000000000e+00
1.832113742828369141e+00 1.538882255554199219e+01 -5.773750543594360352e-01 4.108473777770996094e+00 1.656498551368713379e+00 1.600565552711486816e+00 3.130371570587158203e+00 1.000000000000000000e+00
3.615245103836059570e+00 -3.979615688323974609e+00 -1.087090015411376953e+00 3.665755987167358398e+00 1.579000830650329590e+00 1.377844333648681641e+00 6.343057632446289062e+00 1.000000000000000000e+00
1.151589488983154297e+01 -2.978339195251464844e+00 -8.457024097442626953e-01 8.977697491645812988e-01 7.159025073051452637e-01 1.852693200111389160e+00 3.241799354553222656e+00 2.000000000000000000e+00
3.281544923782348633e+00 -2.734253311157226562e+01 -1.788478612899780273e+00 3.747795343399047852e+00 1.494791388511657715e+00 1.512498021125793457e+00 4.752739429473876953e+00 1.000000000000000000e+00
4.413584518432617188e+01 -1.773683309555053711e+00 -8.223140239715576172e-01 7.907354235649108887e-01 5.846585631370544434e-01 1.786296606063842773e+00 4.571938514709472656e+00 2.000000000000000000e+00
8.026251792907714844e+00 -2.726152610778808594e+01 -1.862212657928466797e+00 3.780217409133911133e+00 1.550639510154724121e+00 1.495938777923583984e+00 4.870234489440917969e+00 -1.000000000000000000e+00
9.411183357238769531e+00 1.554047298431396484e+01 -4.463301897048950195e-01 7.108506560325622559e-01 6.090065240859985352e-01 1.749559283256530762e+00 4.996964454650878906e+00 -1.000000000000000000e+00
6.845917510986328125e+01 1.401121234893798828e+01 -4.804750084877014160e-01 3.871909856796264648e+00 1.513090252876281738e+00 1.479503273963928223e+00 3.345909118652343750e+00 -1.000000000000000000e+00
6.159964370727539062e+01 2.028316259384155273e-01 -1.304913640022277832e+00 3.579254865646362305e+00 1.578312277793884277e+00 1.512990832328796387e+00 3.358371257781982422e+00 -1.000000000000000000e+00
7.257207393646240234e+00 -3.253570938110351562e+01 -1.555735707283020020e+00 1.886364579200744629e+00 6.829216480255126953e-01 1.702295303344726562e+00 6.529122352600097656e+00 -1.000000000000000000e+00
2.137678527832031250e+01 -3.327531814575195312e+01 -1.607617139816284180e-01 3.879729270935058594e+00 1.814860343933105469e+00 2.110131502151489258e+00 6.262578964233398438e+00 -1.000000000000000000e+00
1.291557407379150391e+01 -1.433323478698730469e+01 -1.402063608169555664e+00 3.630858659744262695e+00 1.566375136375427246e+00 1.434232115745544434e+00 6.326261520385742188e+00 -1.000000000000000000e+00
2.150791168212890625e+01 2.588179969787597656e+01 5.488481521606445312e-01 3.237521648406982422e+00 1.498364329338073730e+00 1.599600911140441895e+00 6.255017280578613281e+00 -1.000000000000000000e+00
3.344296646118164062e+01 -8.499743461608886719e+00 -8.832570314407348633e-01 3.638920545578002930e+00 1.626997351646423340e+00 1.667346835136413574e+00 6.056388854980468750e+00 -1.000000000000000000e+00
4.115203475952148438e+01 -1.162988567352294922e+01 -4.105786681175231934e-01 6.939918398857116699e-01 6.885724067687988281e-01 1.944255948066711426e+00 6.301121711730957031e+00 -1.000000000000000000e+00
1.022398948669433594e+01 -2.715210723876953125e+01 -1.915094375610351562e+00 3.541673898696899414e+00 1.580458402633666992e+00 1.508948802947998047e+00 4.780810356140136719e+00 -1.000000000000000000e+00
1.132722663879394531e+01 -1.003081893920898438e+01 -1.018801689147949219e+00 8.893062472343444824e-01 5.854371190071105957e-01 1.952044129371643066e+00 4.952858448028564453e+00 -1.000000000000000000e+00
1.275924563407897949e+00 -2.739152908325195312e+01 -1.794773221015930176e+00 3.966921091079711914e+00 1.655793786048889160e+00 1.524459958076477051e+00 5.043146133422851562e+00 -1.000000000000000000e+00
5.073146057128906250e+01 9.124160766601562500e+00 -7.143658399581909180e-01 6.794428229331970215e-01 6.316218972206115723e-01 1.704102277755737305e+00 6.413812637329101562e+00 -1.000000000000000000e+00
3.282923889160156250e+01 1.031573963165283203e+01 -7.078009843826293945e-01 3.994250297546386719e+00 1.633764147758483887e+00 1.571407675743103027e+00 3.292338848114013672e+00 -1.000000000000000000e+00
5.031797885894775391e-01 2.864065170288085938e+00 -8.927096128463745117e-01 3.817024946212768555e+00 1.646437287330627441e+00 1.657138466835021973e+00 6.470701217651367188e+00 -1.000000000000000000e+00
1.660690307617187500e+01 2.136188888549804688e+01 -2.508786320686340332e-01 3.422002077102661133e+00 1.569336175918579102e+00 1.626180768013000488e+00 6.222663879394531250e+00 -1.000000000000000000e+00
3.921611309051513672e+00 -9.207924842834472656e+00 -8.367798328399658203e-01 9.031870961189270020e-01 6.206923127174377441e-01 2.116350650787353516e+00 1.559052944183349609e+00 -1.000000000000000000e+00
1.026009273529052734e+01 -1.344565868377685547e+01 -1.199789285659790039e+00 1.760532021522521973e+00 5.908782482147216797e-01 1.760703802108764648e+00 4.253582000732421875e+00 -1.000000000000000000e+00
5.736007213592529297e+00 -1.229596519470214844e+01 -1.129691600799560547e+00 1.765817999839782715e+00 5.242334008216857910e-01 1.692451119422912598e+00 2.521121978759765625e+00 -1.000000000000000000e+00
1.552037525177001953e+01 -1.163113403320312500e+01 -1.092397451400756836e+00 1.034477591514587402e+00 5.774655342102050781e-01 1.947477340698242188e+00 3.130464076995849609e+00 -1.000000000000000000e+00
6.700432777404785156e+00 -1.051056003570556641e+01 -1.217417001724243164e+00 1.797439455986022949e+00 4.774321913719177246e-01 1.664944887161254883e+00 3.375477313995361328e+00 -1.000000000000000000e+00
1.239136505126953125e+01 -3.728309249877929688e+01 -3.461610674858093262e-01 3.412307500839233398e+00 1.476880908012390137e+00 1.513862967491149902e+00 6.195443153381347656e+00 -1.000000000000000000e+00
1.840135765075683594e+01 -1.109973526000976562e+01 -1.087155461311340332e+00 4.222341179847717285e-01 6.041863560676574707e-01 1.915841460227966309e+00 5.294856071472167969e+00 -1.000000000000000000e+00
3.504788875579833984e-01 -8.121685981750488281e+00 -1.145538091659545898e+00 1.809360980987548828e+00 6.366293430328369141e-01 1.823316335678100586e+00 3.002937793731689453e+00 -1.000000000000000000e+00
1.216390800476074219e+01 2.463782691955566406e+01 9.695523977279663086e-02 6.708599328994750977e-01 6.615073680877685547e-01 1.847889065742492676e+00 4.014392375946044922e+00 -1.000000000000000000e+00
2.474731826782226562e+01 -8.318197250366210938e+00 -7.960735559463500977e-01 8.953785896301269531e-01 6.199355721473693848e-01 2.024945974349975586e+00 1.781290292739868164e+00 -1.000000000000000000e+00
2.960888671875000000e+01 -2.982757186889648438e+01 -1.101990580558776855e+00 6.314734816551208496e-01 7.531787753105163574e-01 1.778011441230773926e+00 5.503149032592773438e+00 -1.000000000000000000e+00
